%YAML:1.0
---
calibration_time: "Do 12 Jul 2018 16:00:21 BST"
nr_of_frames: 60
image_width: 1280
image_height: 960
board_width: 9
board_height: 6
square_size: 2.5000000372529030e-02
fix_aspect_ratio: 1.
# flags: +fix_skew +recompute_extrinsic
flags: 10
fisheye_model: 1
camera_matrix: !!opencv-matrix
   rows: 3
   cols: 3
   dt: d
   data: [ -1.4334919737855137e+02, 0., 6.3137335838131253e+02, 0.,
       -1.4040335436353973e+02, 4.9309067324737850e+02, 0., 0., 1. ]
distortion_coefficients: !!opencv-matrix
   rows: 4
   cols: 1
   dt: d
   data: [ 1.2166370533092685e-01, 6.6959977656834333e+00,
       -2.2428769425229156e+01, -1.9385236874549287e+02 ]
avg_reprojection_error: 7.3956402171545321e+01
per_view_reprojection_errors: !!opencv-matrix
   rows: 10
   cols: 1
   dt: f
   data: [ 7.39586411e+01, 7.39388809e+01, 7.39441681e+01,
       7.39441833e+01, 7.39450684e+01, 7.39412918e+01, 7.40526276e+01,
       7.39495621e+01, 7.39480820e+01, 7.39414444e+01 ]
# a set of 6-tuples (rotation vector + translation vector) for each view
extrinsic_parameters: !!opencv-matrix
   rows: 60
   cols: 6
   dt: d
   data: [ 9.5069965780486920e-01, 9.5546850060882693e-01,
       -1.3511115171199100e+00, -6.4117630287378380e-02,
       3.3754650118472945e-01, 5.5781595960405021e+01,
       9.5055303143008496e-01, 9.5560938755819169e-01,
       -1.3511914524465853e+00, -6.4110793084661902e-02,
       3.3758026132109759e-01, 5.5788368392661695e+01,
       9.5074258881717510e-01, 9.5542066849527774e-01,
       -1.3511033859098831e+00, -6.4122171180698948e-02,
       3.3752762517228579e-01, 5.5778452857100149e+01,
       9.5066568368885973e-01, 9.5559041005712930e-01,
       -1.3512008843189593e+00, -6.4113127158515346e-02,
       3.3751087609858910e-01, 5.5775876676090213e+01,
       9.5069250714543563e-01, 9.5547246321385870e-01,
       -1.3511228714552084e+00, -6.4134862150525496e-02,
       3.3757317298202127e-01, 5.5787170210497209e+01,
       9.5067083846851896e-01, 9.5558115392277243e-01,
       -1.3511351653863612e+00, -6.4130393057149140e-02,
       3.3749811859443091e-01, 5.5774548639358038e+01,
       2.1892869864462168e+03, -2.1794944867298232e+03,
       1.3489722245142182e+03, -1.3292800142884332e+02,
       3.3845961214580338e+03, 6.0864767934077652e+05,
       9.5063708943612169e-01, 9.5556874325782659e-01,
       -1.3510186713416559e+00, -6.4147292843447917e-02,
       3.3754560469141470e-01, 5.5783625104247960e+01,
       9.5071412318179627e-01, 9.5545109809555129e-01,
       -1.3511055957926370e+00, -6.4138504597093041e-02,
       3.3757625056757745e-01, 5.5786849268826657e+01,
       9.5061313370156242e-01, 9.5547777377546461e-01,
       -1.3511666653680763e+00, -6.4136097099427414e-02,
       3.3760053988420041e-01, 5.5790921915211015e+01,
       9.5067297849134358e-01, 9.5545598530462250e-01,
       -1.3510851357650020e+00, -6.4141355272470210e-02,
       3.3757611738272747e-01, 5.5787280315678885e+01,
       -2.3106618512801015e+02, 2.9735500584567411e+01,
       7.6276278828430520e+02, -3.2288919026797294e+02,
       2.1395224075090168e+03, 3.5899377106314019e+05,
       9.5060337617036927e-01, 9.5553261950000568e-01,
       -1.3511946909373049e+00, -6.4126527280910214e-02,
       3.3758893945039076e-01, 5.5789232697853855e+01,
       9.5058608416015100e-01, 9.5553520413324089e-01,
       -1.3511417856633217e+00, -6.4145221515634107e-02,
       3.3755515167366529e-01, 5.5783351892393846e+01,
       9.5061959075043190e-01, 9.5548899892259131e-01,
       -1.3511722783089637e+00, -6.4130296120060062e-02,
       3.3761645161032916e-01, 5.5793572669842845e+01,
       9.5068080408179889e-01, 9.5553346340589196e-01,
       -1.3510475278362450e+00, -6.4139003260274607e-02,
       3.3754816648743841e-01, 5.5783824043388641e+01,
       9.5063065567583660e-01, 9.5559199935466299e-01,
       -1.3511997938619535e+00, -6.4125852847938855e-02,
       3.3755091674281706e-01, 5.5783784585367833e+01,
       9.5066306638120868e-01, 9.5544011124670092e-01,
       -1.3511349185465076e+00, -6.4135788354384354e-02,
       3.3756240331649190e-01, 5.5784831027588531e+01,
       9.5063436918714150e-01, 9.5553428575827937e-01,
       -1.3511885696593526e+00, -6.4125638665032958e-02,
       3.3756444504585659e-01, 5.5784921690785602e+01,
       9.5071767083591363e-01, 9.5551118729964457e-01,
       -1.3510810100047943e+00, -6.4137974088671543e-02,
       3.3752509431712741e-01, 5.5779378788652181e+01,
       3.7255903228398353e+01, 3.1999936523411819e+01,
       -3.9222884481694237e+01, -3.8567946985647100e-01,
       2.6842633095014907e+00, 4.5991533298076359e+02,
       9.5072003453145981e-01, 9.5553522690974357e-01,
       -1.3511021330254556e+00, -6.4128714790918431e-02,
       3.3754195091829609e-01, 5.5782025775571505e+01,
       9.5068823689374582e-01, 9.5557729755459742e-01,
       -1.3511062497181250e+00, -6.4128154001748372e-02,
       3.3749066646101888e-01, 5.5773787279909371e+01,
       9.5072831022428761e-01, 9.5544830079343768e-01,
       -1.3511343559305866e+00, -6.4128013425484132e-02,
       3.3759031266346040e-01, 5.5789073693275398e+01,
       9.5064376348403457e-01, 9.5550687517040367e-01,
       -1.3511607046508796e+00, -6.4124149566723992e-02,
       3.3757109341005537e-01, 5.5786163178937215e+01,
       9.5068816006016599e-01, 9.5552461367424057e-01,
       -1.3511450306752428e+00, -6.4126245823778169e-02,
       3.3755855104730104e-01, 5.5783762893735684e+01,
       9.5066217753413296e-01, 9.5545874235128048e-01,
       -1.3511298689743378e+00, -6.4125774148090481e-02,
       3.3757790925505821e-01, 5.5787514762923138e+01,
       9.5065302047332889e-01, 9.5551454695581073e-01,
       -1.3511707938632145e+00, -6.4122443296938808e-02,
       3.3756252369596768e-01, 5.5785021503532235e+01,
       9.5064607712982474e-01, 9.5552942137572383e-01,
       -1.3511147200624234e+00, -6.4133866210065740e-02,
       3.3754624044855425e-01, 5.5782484451209761e+01,
       9.5066596001498072e-01, 9.5556337483020704e-01,
       -1.3511172537134768e+00, -6.4130574800936035e-02,
       3.3751898108261003e-01, 5.5777901487783396e+01,
       9.5067904842808337e-01, 9.5552885699614232e-01,
       -1.3511589459029023e+00, -6.4120400019660337e-02,
       3.3752567349141011e-01, 5.5779327859870570e+01,
       9.5061313423135685e-01, 9.5546075722973067e-01,
       -1.3510981324219196e+00, -6.4131221462311289e-02,
       3.3758798801346518e-01, 5.5789188979421652e+01,
       9.5073135048594470e-01, 9.5547872115203136e-01,
       -1.3511658060301970e+00, -6.4118933848750115e-02,
       3.3755886204488178e-01, 5.5784680795758696e+01,
       9.5067605001804412e-01, 9.5551801912485779e-01,
       -1.3510836173788094e+00, -6.4127330053654494e-02,
       3.3754342790625619e-01, 5.5782915940630943e+01,
       9.5066745427100685e-01, 9.5541745663183597e-01,
       -1.3510768949078933e+00, -6.4138857880861044e-02,
       3.3759678094495360e-01, 5.5791166447247214e+01,
       9.5064006981100835e-01, 9.5559466977937402e-01,
       -1.3511564924278294e+00, -6.4118271428417389e-02,
       3.3750988098801388e-01, 5.5777007524277693e+01,
       9.5065926720648630e-01, 9.5553441390587412e-01,
       -1.3511260029223018e+00, -6.4116693646215236e-02,
       3.3750401371800798e-01, 5.5775173714100241e+01,
       9.5069285780454726e-01, 9.5534630486416139e-01,
       -1.3510517608073858e+00, -6.4141660203962461e-02,
       3.3758289833390875e-01, 5.5788536124919254e+01,
       9.5062033051285422e-01, 9.5548105258370086e-01,
       -1.3511270972850429e+00, -6.4116769635787982e-02,
       3.3757604230714350e-01, 5.5788222206371422e+01,
       9.5078432946435121e-01, 9.5550137762315757e-01,
       -1.3511255947902210e+00, -6.4125296293530504e-02,
       3.3750904141785570e-01, 5.5776054632078257e+01,
       9.5065838074548825e-01, 9.5554743275167420e-01,
       -1.3511770971374559e+00, -6.4116621671313476e-02,
       3.3753656607563570e-01, 5.5780978734973360e+01,
