%YAML:1.0
---
calibration_time: "Do 12 Jul 2018 15:59:18 BST"
nr_of_frames: 10
image_width: 1280
image_height: 960
board_width: 9
board_height: 6
square_size: 2.5000000372529030e-02
fix_aspect_ratio: 1.
# flags: +fix_aspectRatio
flags: 2
fisheye_model: 0
camera_matrix: !!opencv-matrix
   rows: 3
   cols: 3
   dt: d
   data: [ 3.0540454795463580e+02, 0., 6.4174221115661612e+02, 0.,
       3.0540454795463580e+02, 4.9911454085824317e+02, 0., 0., 1. ]
distortion_coefficients: !!opencv-matrix
   rows: 5
   cols: 1
   dt: d
   data: [ -3.3871649697379623e-02, -8.9016687634172409e-01,
       -1.6855386211458694e-03, -2.6441241456266048e-03,
       3.0469123658594026e+00 ]
avg_reprojection_error: 1.3023460272866325e-01
per_view_reprojection_errors: !!opencv-matrix
   rows: 10
   cols: 1
   dt: f
   data: [ 1.27501205e-01, 1.32056653e-01, 1.33046165e-01,
       1.24814533e-01, 1.29261076e-01, 1.33388847e-01, 1.31712303e-01,
       1.29747704e-01, 1.31824210e-01, 1.28739357e-01 ]
# a set of 6-tuples (rotation vector + translation vector) for each view
extrinsic_parameters: !!opencv-matrix
   rows: 10
   cols: 6
   dt: d
   data: [ -4.1087957152117424e-02, 2.4304245852097981e-02,
       1.5666855063533935e+00, 8.8004048385479077e-03,
       -1.0294365929686861e-01, 3.6425552169729591e-01,
       -4.1279315372473549e-02, 2.5477828274316296e-02,
       1.5666126968194234e+00, 8.7895669180093963e-03,
       -1.0295834758236655e-01, 3.6431890384300913e-01,
       -4.0571383363209819e-02, 2.4862335401703687e-02,
       1.5666912534719881e+00, 8.7924548327646748e-03,
       -1.0294086495399658e-01, 3.6420495776273065e-01,
       -4.0702543509406115e-02, 2.5295872273621262e-02,
       1.5666267420004671e+00, 8.7928204108606994e-03,
       -1.0294712955719509e-01, 3.6422090296921467e-01,
       -4.1045611205037760e-02, 2.5295958453654278e-02,
       1.5666624747648257e+00, 8.7717604658560135e-03,
       -1.0294482512036243e-01, 3.6427497960950156e-01,
       -4.1267386524711160e-02, 2.4817444380579114e-02,
       1.5667895650731227e+00, 8.7852388487507701e-03,
       -1.0293382731160344e-01, 3.6429768448392558e-01,
       -4.0909669248739740e-02, 2.5227058081083921e-02,
       1.5667049020611199e+00, 8.7883069536631095e-03,
       -1.0294141557276279e-01, 3.6423236544150372e-01,
       -4.1247306914792385e-02, 2.5360750749103805e-02,
       1.5666313960876510e+00, 8.7720177940848239e-03,
       -1.0294910069038059e-01, 3.6427793570433120e-01,
       -4.1270251771795025e-02, 2.5029310470416646e-02,
       1.5666324858356346e+00, 8.8004688161759017e-03,
       -1.0294246378131269e-01, 3.6426766602120864e-01,
       -4.0623083638575024e-02, 2.4305846464042418e-02,
       1.5666787584607367e+00, 8.8006607809310109e-03,
       -1.0293276999736635e-01, 3.6418446967290891e-01 ]
